-323, -315, -315, -315, -325, -323, -323, -312, -315, -318, -323, -325, -323, -325, -315, -315, -323, -323, -325, -323, -323, -323, -328, -323, -315, -315, 
-325, -315, -323, -318, -323, -315, -315, -318, -325, -325, -323, -323, -315, -318, -323, -318, -323, -325, -325, -325, -325, -334, -340, -358, -391, -416, 
-421, -444, -446, -446, -455, -457, -464, -476, -485, -496,-519, -545, -576, -625, -681, -743, -811, -886, -974, -1062, -1149, -1244, -1338, -1441, -1541, 
-1641, -1750, -1848, -1948, -2014, -2017, -2022, -2024, -2025, -2029, -2032, -2032, -2034, -2034, -2035, -2035, -2035, -2036, -2036, -2036, -2038, -2039, 
-2040, -2040, -2042, -2044, -2044, -2044, -2044, -2044, -2046, -2046, -2044, -2044, -2044, -2044, -2044, -2044, -2044, -2044, -2044, -2044, -2044, -2043, 
-2043, -2042, -1972, -1847, -1709, -1554, -1373, -1192, -994, -781, -565, -333, -171, 185, 357, 532, 700, 853, 965, 1059, 1122, 1155, 1175, 1171, 1139, 
1083, 1001, 899, 782, 652, 510, 362, 224, -195,-276, -423, -584, -712, -828, -939, -1012, -1064, -1085, -1090, -1090, -1065, -1024, -964, -891, -806, -707, 
-590, -451, -334, -239, -190, -199, 224, 269, 298, 307, 299, 289, 261, 227, 194, 189, 232, 304, 388, 463, 536, 584, 606, 612, 597, 584, 542, 479, 413, 353, 
283, 239, 210, 197, 198, 201, 204, 215, 239, 274, 325, 371, 409, 428, 434, 
434, 425, 399, 366, 325, 289, 274, 255, 244, 244, 244, 260, 277, 296, 318, 337, 358, 356, 364, 367, 371, 351, 344, 337, 325, 318, 310, 315, 313, 318, 310, 
325, 315, 318, 325, 325, 323, 323, 323, 325, 325, 315, 323, 323, 315, 318, 323, 323, 323, 325, 323, 325, 315, 315, 325, 331, 323, 318, 323, 325, 325, 325, 
318, 325, 323, 325, 315, 315, 315, 323, 323, 325, 323, 323, 325, 323, 323, 315, 318, 325, 323, 315, 331, 325, 315, 323, 315, 318, 325, 323, 315, 318, 315, 
315, 315, 325, 325, 323, 315, 323, 323, 315, 325, 325, 325, 325, 323, 325, 323, 325, 323, 323, 318, 315, 315, 315, 325, 323, 315, 323, 318, 315, 325, 318, 
315, 315, 318, 323, 323, 323, 325, 315, 325, 318, 315, 315, 315, 323, 315, 318, 325, 323, 325, 315, 318, 323, 323, 315, 323, 315, 325, 323, 323, 323, 323, 
315, 325, 323, 325, 325, 323, 307, 313, 323, 323, 331, 325, 325, 323, 315, 315, 315, 315, 318, 323, 318, 318, 331, 323, 315, 325, 323, 323, 323, 323, 315,